image_width: 640
image_height: 480
camera_name: narrow_stereo
camera_matrix:
  rows: 3
  cols: 3
  data: [683.06179,   0.     , 305.83116,
           0.     , 689.75875, 297.88936,
           0.     ,   0.     ,   1.     ]
camera_model: plumb_bob
distortion_coefficients:
  rows: 1
  cols: 5
  data: [-0.386164, 0.240372, -0.005271, 0.010949, 0.000000]
rectification_matrix:
  rows: 3
  cols: 3
  data: [1., 0., 0.,
         0., 1., 0.,
         0., 0., 1.]
projection_matrix:
  rows: 3
  cols: 4
  data: [624.93304,   0.     , 309.75502,   0.     ,
           0.     , 652.76001, 301.07441,   0.     ,
           0.     ,   0.     ,   1.     ,   0.     ]
