# oST version 5.0 parameters


[image]

width
640

height
480

[narrow_stereo]

camera matrix
683.061794 0.000000 305.831158
0.000000 689.758748 297.889359
0.000000 0.000000 1.000000

distortion
-0.386164 0.240372 -0.005271 0.010949 0.000000

rectification
1.000000 0.000000 0.000000
0.000000 1.000000 0.000000
0.000000 0.000000 1.000000

projection
624.933044 0.000000 309.755025 0.000000
0.000000 652.760010 301.074412 0.000000
0.000000 0.000000 1.000000 0.000000
