P0: 6.830617900000e+02 0.000000000000e+00 3.058311600000e+02 0.000000000000e+00 0.000000000000e+00 6.897587500000e+02 2.978893600000e+02 0.000000000000e+00 0.000000000000e+00 0.000000000000e+00 1.000000000000e+00 0.000000000000e+00
P0: 6.830617900000e+02 0.000000000000e+00 3.058311600000e+02 0.000000000000e+00 0.000000000000e+00 6.897587500000e+02 2.978893600000e+02 0.000000000000e+00 0.000000000000e+00 0.000000000000e+00 1.000000000000e+00 0.000000000000e+00
P0: 6.830617900000e+02 0.000000000000e+00 3.058311600000e+02 0.000000000000e+00 0.000000000000e+00 6.897587500000e+02 2.978893600000e+02 0.000000000000e+00 0.000000000000e+00 0.000000000000e+00 1.000000000000e+00 0.000000000000e+00
P0: 6.830617900000e+02 0.000000000000e+00 3.058311600000e+02 0.000000000000e+00 0.000000000000e+00 6.897587500000e+02 2.978893600000e+02 0.000000000000e+00 0.000000000000e+00 0.000000000000e+00 1.000000000000e+00 0.000000000000e+00
